Data products/Raw data/GRACE_upright.txt
NCOLS 720
NROWS 360
XLLCORNER -180.000000
YLLCORNER -90.000000
CELLSIZE 0.500000
NODATA_VALUE       -9999
[rows 234 to 259 of 360, columns 522 to 579 of 720]
0.0761511 0.06869505 0.0594992 0.05053504 0.04412539 0.04204699 0.04488872 0.05195625 0.06171697 0.07250555 0.0831073 0.09294917 0.1018795 0.1097551 0.1161421 0.1203368 0.1216889 0.1200118 0.1158041 0.1101238 0.1041755 0.09884759 0.0944728 0.09094587 0.0881079 0.08613257 0.08563672 0.0874 0.09182358 0.09844012 0.1057925 0.111815 0.1145747 0.1130221 0.1073718 0.09892019 0.08939185 0.08015043 0.07166573 0.06348259 0.05466482 0.04444695 0.03274346 0.02027429 0.008291886 -0.001897262 -0.009349066 -0.01365356 -0.01485407 -0.01325121 -0.009255107 -0.00335267 0.003881596 0.01187 0.0202841 0.02937166 0.04011418 0.0539628
0.07600414 0.06571292 0.05460332 0.04474312 0.03828726 0.03668187 0.04016143 0.04776402 0.0578204 0.06864025 0.07904812 0.0885397 0.09705914 0.1046043 0.1109357 0.1155657 0.1180099 0.1181118 0.1162114 0.1130333 0.1093583 0.1056859 0.1021083 0.09848515 0.09481154 0.09153376 0.08957354 0.08998361 0.09338008 0.09945366 0.1068527 0.1135529 0.1175731 0.1177057 0.1139107 0.107189 0.09901238 0.09061069 0.08246942 0.07426799 0.06524675 0.05477613 0.04282036 0.0300754 0.01775315 0.007165712 -0.000664336 -0.005204065 -0.00639705 -0.004533218 -0.000123283 0.006172399 0.01361258 0.02153551 0.02964005 0.03827815 0.04853698 0.06190697
0.07956483 0.06817599 0.05662878 0.04705327 0.04142574 0.04087519 0.04531639 0.05356751 0.06386969 0.07453915 0.08444488 0.09312893 0.1005928 0.1069445 0.112143 0.1159816 0.1182753 0.1190881 0.1188114 0.1180139 0.1171439 0.116277 0.1150924 0.1131289 0.1101921 0.1066716 0.1035527 0.1020626 0.1031003 0.1067374 0.1120604 0.1174614 0.1212523 0.1223065 0.1204197 0.1162239 0.1107249 0.1047187 0.09839267 0.09130466 0.08272306 0.07212991 0.05961947 0.04600416 0.03260554 0.02086417 0.01196344 0.006610184 0.004998139 0.006882424 0.01167449 0.01852639 0.0264517 0.03455281 0.04235488 0.05012146 0.05893507 0.07035853
0.09100966 0.08012726 0.06920396 0.06038898 0.05552143 0.05553507 0.06020448 0.06832775 0.07823384 0.08836199 0.09765656 0.1056468 0.1122595 0.1175441 0.1215008 0.1241027 0.1254555 0.1259361 0.1261641 0.1267707 0.1280747 0.129859 0.1314105 0.1318449 0.1305724 0.1276635 0.1239067 0.1205037 0.1185423 0.1185064 0.1200708 0.1222808 0.1240131 0.1244724 0.1234652 0.1213225 0.1185367 0.1153318 0.111413 0.1060391 0.09838156 0.08798166 0.07507763 0.06064982 0.04618331 0.03327809 0.02328183 0.01706628 0.01496443 0.01680484 0.0219716 0.02947676 0.03809957 0.04665664 0.05439085 0.06134283 0.06848251 0.07741353
0.108951 0.09927803 0.0891662 0.08071685 0.07567112 0.07491403 0.07830715 0.08488992 0.09332044 0.1023329 0.1110157 0.1188377 0.1254983 0.1307605 0.1344091 0.1363652 0.1368646 0.1365436 0.1363145 0.1370385 0.1391369 0.1423453 0.1457617 0.1481981 0.1486822 0.1468719 0.1431829 0.1385727 0.1341016 0.1304961 0.1279288 0.1261021 0.1245508 0.1229676 0.1213534 0.1199077 0.1187344 0.1175502 0.1155881 0.1117831 0.1051708 0.09531474 0.08256258 0.06801986 0.05327075 0.03998425 0.02956795 0.02296755 0.02060974 0.02241785 0.02783582 0.03586221 0.04516498 0.05435264 0.06239434 0.06905052 0.0750826 0.08203697
0.1273999 0.1186499 0.1088686 0.100003 0.09367297 0.09078638 0.09144375 0.09512382 0.1010153 0.1083121 0.1163435 0.1245284 0.1322572 0.1388421 0.1436267 0.1462278 0.146776 0.1459923 0.145004 0.1449425 0.1464863 0.1495663 0.1533777 0.1567034 0.1583986 0.1578135 0.1549696 0.1504363 0.1450072 0.1393636 0.1338968 0.1287487 0.1239963 0.1198231 0.1165351 0.1143882 0.1133187 0.1127494 0.1116156 0.1086477 0.102807 0.09368598 0.08169645 0.0679748 0.05406541 0.04153583 0.03167675 0.02536033 0.02302573 0.02470161 0.02999621 0.03806858 0.04767364 0.05738253 0.06599255 0.07299776 0.07888219 0.08500644
0.1398416 0.1313454 0.1214654 0.1118512 0.1038882 0.09844506 0.09585322 0.09606878 0.09888245 0.104039 0.1112053 0.1198365 0.1290685 0.137765 0.1447625 0.1492358 0.1510176 0.1506999 0.1494385 0.1485213 0.1488809 0.1507618 0.1536831 0.1566923 0.1587751 0.1592231 0.1578028 0.1546917 0.1502653 0.1448891 0.1388367 0.1323574 0.1258093 0.1197238 0.1147075 0.1111928 0.1091569 0.1079738 0.1065156 0.1034958 0.09792203 0.08946274 0.07857179 0.06633251 0.05411625 0.04322408 0.03465855 0.02907253 0.02683028 0.02806085 0.03262103 0.03998768 0.04919735 0.05896999 0.06806586 0.07576823 0.08225253 0.08858704
0.1436513 0.1351785 0.1255152 0.115867 0.1072134 0.1002059 0.09523874 0.09260499 0.09260502 0.09551132 0.1013873 0.1098608 0.120002 0.130422 0.139601 0.1463334 0.1501032 0.1512196 0.1506469 0.1496022 0.1490976 0.1496205 0.1510698 0.1529348 0.1545921 0.155559 0.1555904 0.1546135 0.1525917 0.1494403 0.1450709 0.1395417 0.133205 0.1267255 0.1209047 0.1163627 0.1132236 0.1109759 0.1086041 0.104957 0.09919668 0.09112554 0.08125086 0.07057618 0.06024335 0.05120939 0.04410032 0.03926538 0.03693159 0.03730558 0.04052011 0.04644608 0.05451168 0.06370436 0.0728466 0.08106824 0.0882411 0.09509655
0.1418667 0.1340306 0.125751 0.1176999 0.1103027 0.1037917 0.09838307 0.09445544 0.09260116 0.09348507 0.09755412 0.104734 0.1142755 0.1248544 0.1349126 0.1431108 0.1487049 0.1516925 0.1526826 0.152568 0.1521621 0.1519601 0.1521035 0.1525125 0.1530694 0.1537263 0.1544767 0.155229 0.1556917 0.155381 0.1537865 0.1506269 0.1460564 0.1406843 0.1353621 0.1308157 0.1272964 0.1244299 0.1213554 0.1170999 0.1110137 0.103062 0.09383609 0.08429904 0.07540992 0.06782698 0.06183098 0.0574744 0.05482709 0.05413353 0.05575649 0.05992381 0.06643728 0.07455519 0.0831819 0.09132109 0.09856824 0.1053427
0.1411607 0.1350736 0.1295538 0.1247636 0.1205426 0.1165972 0.1127806 0.1093153 0.106833 0.1061864 0.1081064 0.1128584 0.1200592 0.1287463 0.1376703 0.1456827 0.1520463 0.1565488 0.1593979 0.1609859 0.1616652 0.161648 0.1610607 0.1600812 0.1590401 0.1583886 0.1585236 0.1595591 0.1611818 0.1627017 0.1633064 0.162412 0.1599373 0.156349 0.1524382 0.1489245 0.1460819 0.1435793 0.1406232 0.1363404 0.1302107 0.1223358 0.1134139 0.1044443 0.0963248 0.08955702 0.08420602 0.08011183 0.07720501 0.07571595 0.07613068 0.0788999 0.08406857 0.09106441 0.09881582 0.1061893 0.1125359 0.1180319
0.1474355 0.1438371 0.1416528 0.1406916 0.1403422 0.1398546 0.1386946 0.1368101 0.1346846 0.1331517 0.133056 0.1349163 0.1387401 0.1440596 0.1501499 0.156305 0.1620333 0.1670903 0.1713664 0.174729 0.176941 0.1777253 0.1769478 0.1748097 0.1719128 0.1691242 0.1672702 0.1667964 0.1675647 0.1689044 0.1699123 0.1698655 0.1685457 0.1663083 0.1638572 0.1618326 0.1604245 0.1592132 0.1573278 0.1538507 0.1482693 0.1407471 0.1320812 0.1233742 0.1155954 0.109258 0.1043734 0.1006818 0.09800754 0.0965103 0.09666806 0.09898095 0.1035615 0.1098644 0.1167538 0.122931 0.1275293 0.1305536
0.162021 0.1605171 0.16077 0.1624828 0.1648646 0.1669486 0.1679753 0.1676727 0.1663215 0.1645927 0.1632499 0.1628645 0.1636687 0.1655891 0.1684058 0.1719184 0.1760107 0.1805767 0.1853641 0.1898544 0.1932911 0.1948874 0.1941403 0.1910994 0.1864395 0.1812684 0.1767327 0.1735902 0.1719487 0.1712982 0.1708227 0.1698392 0.1681439 0.1660883 0.1643456 0.1634843 0.1635729 0.1640265 0.1637894 0.1617766 0.1573623 0.1506788 0.1425795 0.1342908 0.1269321 0.1211449 0.1170052 0.1142369 0.1125773 0.1120627 0.1130504 0.1159484 0.120802 0.1269939 0.133275 0.1381773 0.1406421 0.1405438
0.1809645 0.1799854 0.1805169 0.1823968 0.1849556 0.1873259 0.1888014 0.1890875 0.1883474 0.1870516 0.1857302 0.1847655 0.1843225 0.1844286 0.1851228 0.1865562 0.1889537 0.1924377 0.1968053 0.2014002 0.2051904 0.2070613 0.2062207 0.2025325 0.196614 0.1896296 0.182858 0.1772218 0.1729952 0.1698213 0.1670247 0.1640546 0.16083 0.1578068 0.1557244 0.1551601 0.1561192 0.1578827 0.1592098 0.1588143 0.1558993 0.1504962 0.1434527 0.1360802 0.129641 0.1249224 0.122092 0.1208724 0.1209014 0.1220481 0.1244869 0.1284745 0.1339574 0.1402553 0.1460508 0.1497659 0.1501922 0.1470763
0.1977507 0.1953695 0.1938533 0.1932991 0.1933576 0.1935119 0.1933773 0.1928798 0.1922415 0.191806 0.1918198 0.1922986 0.1930551 0.1938662 0.194673 0.1956813 0.1972805 0.1997997 0.20322 0.2070042 0.2101609 0.211551 0.2103166 0.2062413 0.1998644 0.1922831 0.1847228 0.1780701 0.1725863 0.1679333 0.1634927 0.1588099 0.1539338 0.1494675 0.1462935 0.1451027 0.1459613 0.1481446 0.1503377 0.1511301 0.1495828 0.145608 0.1399901 0.1340471 0.1291003 0.1260068 0.1249615 0.1256319 0.1275121 0.1302733 0.1338993 0.1385265 0.1440823 0.1499494 0.1548932 0.1573629 0.1560792 0.1506438
0.2075028 0.2026434 0.1979447 0.193707 0.1899059 0.1864478 0.1834053 0.1811024 0.1800054 0.180484 0.18258 0.1859168 0.1898132 0.1935529 0.1966776 0.1991483 0.2012859 0.2035125 0.2060238 0.208565 0.21044 0.2107689 0.2088798 0.2046462 0.198596 0.1917253 0.1850948 0.179397 0.1747054 0.17053 0.1661566 0.1611016 0.1554534 0.1499172 0.1455286 0.1431612 0.1430658 0.1446712 0.1467576 0.1479361 0.1472219 0.1444393 0.1402763 0.1359729 0.1327962 0.1315526 0.1323552 0.1347305 0.1379739 0.1415405 0.1452516 0.1492062 0.1534538 0.1576314 0.1608016 0.1616343 0.1588988 0.1520531
0.2098492 0.2030877 0.1960289 0.188966 0.1820097 0.1753558 0.1694798 0.1651383 0.1631571 0.1641021 0.1679927 0.1742091 0.1816515 0.1890925 0.1955658 0.2006197 0.2043244 0.2070483 0.2091255 0.2105941 0.2111402 0.2102788 0.2076725 0.2034127 0.1981034 0.192679 0.18803 0.1846134 0.1822439 0.1801853 0.177513 0.1735873 0.1684087 0.1626772 0.157515 0.1539705 0.1525354 0.1529037 0.1540924 0.1548752 0.1543298 0.1522468 0.1492122 0.1463309 0.1447275 0.1450609 0.147277 0.1506992 0.1543899 0.1575852 0.159976 0.1616961 0.1630366 0.1640545 0.1643059 0.1628764 0.1587302 0.1512296
0.2087055 0.2020671 0.1950526 0.1876887 0.1799381 0.1720164 0.1645882 0.1587224 0.1556013 0.1561018 0.1604327 0.1679954 0.1775363 0.1875308 0.1966351 0.2040175 0.209445 0.2131195 0.2153753 0.216409 0.2161809 0.2145293 0.2114177 0.2071597 0.2024718 0.1982907 0.1954209 0.1941742 0.194188 0.1945315 0.194078 0.1919882 0.1880863 0.1829527 0.1776818 0.1734102 0.1708291 0.1699065 0.1699451 0.1699486 0.1691194 0.1672537 0.1648445 0.1628469 0.1622175 0.1634482 0.1663123 0.1699403 0.1731806 0.1750676 0.1751719 0.1736713 0.1711202 0.1680477 0.164597 0.1603984 0.1547492 0.1470194
0.2093838 0.2051674 0.2008099 0.1959078 0.1900466 0.1831904 0.1759193 0.1693898 0.1650135 0.163983 0.1668399 0.1732687 0.1821969 0.1921515 0.2017142 0.2098851 0.2162216 0.2207318 0.2236188 0.2250325 0.2249656 0.2233398 0.2202175 0.2159975 0.2114553 0.2075663 0.2051653 0.204595 0.2055168 0.2069955 0.2078461 0.2071042 0.204416 0.2001731 0.1953286 0.1909774 0.1878907 0.1862177 0.1854865 0.1848977 0.1837642 0.1818834 0.1796603 0.1779191 0.1774904 0.178769 0.1814503 0.1845758 0.1868673 0.1872031 0.1850206 0.1804699 0.1742616 0.1672918 0.1602301 0.1532637 0.1461108 0.1382855
0.2151717 0.2144857 0.2140286 0.2130008 0.2105582 0.2062669 0.200404 0.1939681 0.1883867 0.1850419 0.1848092 0.1877935 0.1933578 0.2004072 0.2077881 0.2146248 0.2204615 0.2251849 0.2288087 0.2312635 0.2323211 0.2316973 0.2292758 0.2253191 0.2205303 0.215899 0.212374 0.210501 0.210193 0.2107529 0.2111537 0.2104633 0.2082291 0.2046526 0.2004757 0.1966343 0.1938395 0.1922798 0.1915805 0.1910329 0.1899797 0.1881693 0.1859031 0.1839031 0.1829531 0.1834798 0.1852691 0.1874514 0.1887731 0.1880381 0.1845334 0.1782587 0.1698742 0.1604035 0.1508337 0.1417897 0.1334159 0.1254951
0.2256575 0.2275993 0.230106 0.232217 0.2328125 0.2310975 0.226959 0.2210518 0.2145836 0.208902 0.2050582 0.2035254 0.2041669 0.2064331 0.2096686 0.2133723 0.2172943 0.2213457 0.2254002 0.2291168 0.2319055 0.2330759 0.2321095 0.2289254 0.2239976 0.2182484 0.2127434 0.2083133 0.2052672 0.2033244 0.201798 0.1999445 0.1973227 0.1939955 0.1904864 0.1875147 0.1856371 0.1849664 0.1851036 0.1853145 0.1848715 0.1833982 0.1810546 0.1784702 0.1764504 0.1755839 0.1759257 0.176898 0.1774554 0.1764457 0.1730167 0.1669036 0.1584887 0.1486274 0.1383297 0.1284393 0.1194397 0.111449
0.2376661 0.2397287 0.2425791 0.2454269 0.2471601 0.2468061 0.2439164 0.2387246 0.2320346 0.2249118 0.2183266 0.2129033 0.2088649 0.2061606 0.2046782 0.2044079 0.2054638 0.2079483 0.2117379 0.2163175 0.2207756 0.2239966 0.2249926 0.2232386 0.2188662 0.2126226 0.205606 0.1988829 0.1931477 0.1885635 0.1848394 0.1814942 0.1781737 0.1748679 0.1719278 0.1698765 0.1691103 0.1696382 0.1709896 0.1723455 0.1728421 0.1719145 0.1695292 0.1661979 0.1627633 0.1600433 0.1584837 0.1579597 0.1578061 0.1570547 0.1547787 0.150405 0.1438797 0.1356413 0.1264365 0.1170736 0.108217 0.1002968
0.2478044 0.2473459 0.2477924 0.2487882 0.2494975 0.2489985 0.246654 0.2423169 0.2363139 0.2292547 0.221784 0.2144014 0.2074254 0.2010889 0.1956849 0.1916495 0.1895062 0.1896723 0.1922069 0.196627 0.2019015 0.2066603 0.2095619 0.2096858 0.2067974 0.2013819 0.1944341 0.187095 0.1802836 0.1744688 0.1696589 0.1655878 0.1619899 0.1588246 0.1563389 0.1549412 0.1549492 0.1563388 0.1586226 0.1609285 0.1622618 0.1618474 0.1594127 0.1552927 0.150312 0.1454877 0.1416697 0.1392536 0.138067 0.1374594 0.1365467 0.1345074 0.1308255 0.1254039 0.1185376 0.1107844 0.102804 0.09522937
0.2546422 0.2505698 0.2474418 0.2453975 0.2439991 0.2425361 0.2403494 0.2370449 0.232539 0.2269631 0.2205181 0.2133782 0.2057022 0.1977376 0.1899416 0.1830227 0.1778375 0.1751513 0.1753441 0.1781876 0.1828035 0.1878471 0.1918681 0.1937227 0.1928853 0.1895476 0.1844728 0.1786755 0.1730616 0.1681695 0.1641072 0.1606837 0.1576543 0.1549483 0.1527678 0.1515062 0.1515269 0.1529059 0.1552665 0.1577934 0.1594392 0.1592521 0.1567017 0.1518758 0.1454714 0.1385823 0.1323602 0.12767 0.1248528 0.1236683 0.1234153 0.1231743 0.1220815 0.1195488 0.1153775 0.1097586 0.1031876 0.09634121
0.2590784 0.2527148 0.247241 0.2431106 0.2402048 0.2380573 0.236114 0.233918 0.2311678 0.2276674 0.2232443 0.2177164 0.2109536 0.2030131 0.194278 0.1855031 0.1777108 0.1719397 0.1689253 0.1688343 0.1711643 0.1748647 0.1786435 0.1813546 0.1823209 0.1814765 0.1792856 0.1764831 0.1737532 0.1714798 0.1696665 0.1680413 0.1662858 0.1642692 0.1621739 0.1604483 0.1596026 0.1599364 0.1613191 0.1631272 0.1643791 0.1640279 0.1613088 0.1560143 0.1485954 0.1400534 0.1316587 0.1245933 0.1196335 0.1169682 0.1161959 0.1164851 0.1168322 0.116334 0.1143999 0.110859 0.1059552 0.1002561
0.2629388 0.257491 0.2527179 0.2490507 0.2464637 0.2446516 0.2432289 0.2418618 0.2402902 0.238266 0.2354768 0.2315314 0.226048 0.2188235 0.2100107 0.2002096 0.1904058 0.1817508 0.1752487 0.1714628 0.1703539 0.1713168 0.1734043 0.1756512 0.1773749 0.1783386 0.1787238 0.1789379 0.1793501 0.1800748 0.1808983 0.1813757 0.1810505 0.1796954 0.1774602 0.1748532 0.172555 0.1711332 0.170774 0.171142 0.1714335 0.1706123 0.1677506 0.1623534 0.1545536 0.145111 0.1352158 0.1261635 0.1190092 0.1143055 0.1119972 0.111491 0.1118619 0.1121257 0.1114921 0.1095371 0.1062591 0.1020268
0.2671411 0.2660158 0.265135 0.2645791 0.2641678 0.2636283 0.2627531 0.2614708 0.259803 0.2577419 0.2551272 0.2516013 0.2466885 0.2399799 0.2313531 0.2211269 0.210074 0.1992685 0.1898123 0.1825394 0.1778082 0.1754566 0.1749321 0.1755368 0.1766845 0.1780666 0.1796657 0.1816247 0.1840421 0.1867941 0.1894724 0.1914735 0.1922055 0.1913278 0.1889158 0.1854737 0.1817764 0.1785922 0.1763878 0.1751289 0.1742548 0.1728445 0.1699189 0.1647767 0.1572482 0.1477833 0.1373456 0.1271526 0.1183474 0.1117084 0.1074796 0.1053637 0.1046635 0.1045158 0.1041379 0.103017 0.1009959 0.09824887
