Data products/Raw data/GRACE_upright.txt
NCOLS 720
NROWS 360
XLLCORNER -180.000000
YLLCORNER -90.000000
CELLSIZE 0.500000
NODATA_VALUE       -9999
[rows 104 to 129 of 360, columns 348 to 405 of 720]
0.6905512 0.7287493 0.7457112 0.7437477 0.7270584 0.7004388 0.6681433 0.6331775 0.5971083 0.560299 0.5223778 0.4827332 0.4408952 0.3967556 0.350651 0.3033637 0.2560697 0.2102344 0.1674294 0.1290711 0.09612546 0.06887837 0.04688738 0.02918208 0.01468421 0.002704162 -0.006700277 -0.01270069 -0.01409182 -0.01000517 -0.000674643 0.01209376 0.02503586 0.03421621 0.0363071 0.02994257 0.01663165 0.000812635 -0.01109371 -0.01241172 0.001813103 0.03325793 0.07974805 0.1359023 0.1948087 0.250163 0.2981228 0.3382175 0.3729811 0.4064346 0.4419523 0.4802758 0.518396 0.5497317 0.5656075 0.5576122 0.5201536 0.4524806
0.7241996 0.7645908 0.7789002 0.7693402 0.7411354 0.7011231 0.656241 0.6122606 0.5729841 0.539965 0.5126813 0.4890267 0.4659768 0.4403118 0.4093004 0.3712591 0.3258971 0.2743666 0.2189838 0.1626665 0.1082336 0.05778091 0.01234984 -0.02798242 -0.06361757 -0.09475188 -0.1207966 -0.1401969 -0.1508046 -0.1507286 -0.1393655 -0.118179 -0.09083767 -0.06252985 -0.03858095 -0.0227969 -0.01611189 -0.01606441 -0.01736139 -0.01340841 0.001675206 0.03123369 0.07507247 0.1296206 0.189186 0.2478381 0.3012282 0.3476922 0.3882504 0.4255321 0.4620462 0.4984521 0.5324814 0.558927 0.5707512 0.5609988 0.5249573 0.461953
0.7198545 0.7557661 0.7637375 0.7464609 0.7103511 0.664004 0.6163449 0.5748958 0.5444988 0.5266766 0.5196613 0.5190034 0.5186013 0.5119569 0.4934437 0.4593713 0.4086486 0.3429005 0.2660046 0.1831509 0.09967201 0.01997741 -0.05308897 -0.1182777 -0.1753729 -0.2242888 -0.2642204 -0.2932443 -0.3086057 -0.3076538 -0.2891046 -0.2541278 -0.2067675 -0.1534119 -0.1013741 -0.0569915 -0.02387094 -0.001897436 0.01261843 0.02567078 0.0435829 0.07099543 0.1094979 0.157345 0.2102995 0.263242 0.3119193 0.3541873 0.3903129 0.4222705 0.4523419 0.4815718 0.5086693 0.5297704 0.5391739 0.5308453 0.5002582 0.4460673
0.6842199 0.7139333 0.7168025 0.6961562 0.6592952 0.6158223 0.5755466 0.5464518 0.533146 0.5360618 0.5514969 0.5724301 0.5899239 0.5948481 0.5796107 0.5395807 0.4739209 0.3856526 0.280925 0.1676586 0.05390297 -0.0536507 -0.1505913 -0.2349012 -0.3062826 -0.3649939 -0.4106795 -0.4416888 -0.455207 -0.448206 -0.4188875 -0.3680606 -0.2998687 -0.2214829 -0.1417441 -0.06912851 -0.009684027 0.03437301 0.06492199 0.08697687 0.1068391 0.1300063 0.1595433 0.1954324 0.2350451 0.2744708 0.3101454 0.3401506 0.3647172 0.3857896 0.4058645 0.4265702 0.447523 0.4658814 0.4767653 0.4744355 0.453911 0.4126061
0.6384015 0.6650697 0.6677314 0.6500216 0.6194328 0.5855877 0.5580511 0.5441992 0.5476026 0.5672324 0.5976044 0.6297975 0.6531306 0.6571824 0.6337801 0.5785792 0.4919124 0.3787118 0.2474993 0.1086627 -0.02756934 -0.1529342 -0.2622471 -0.3535357 -0.4272157 -0.4846475 -0.5266243 -0.5523769 -0.5594971 -0.5448414 -0.5060988 -0.4434275 -0.3605034 -0.2645047 -0.1649287 -0.07156046 0.007766936 0.06888943 0.1119483 0.1407632 0.1611967 0.1791027 0.1985645 0.2209848 0.2452493 0.2687852 0.2890267 0.30469 0.3163756 0.326304 0.3373195 0.3515598 0.3692834 0.3882728 0.4040254 0.4107007 0.402589 0.3757462
0.6083158 0.6369632 0.6444805 0.6341971 0.6129855 0.5895983 0.5725656 0.5681565 0.5788576 0.6026713 0.6333516 0.6615072 0.6763523 0.6677772 0.6283534 0.5548814 0.4491524 0.3177276 0.1707398 0.0199587 -0.123436 -0.2508155 -0.3572854 -0.4417823 -0.5060995 -0.5531971 -0.5853908 -0.6030661 -0.6043839 -0.5860948 -0.5451723 -0.4806624 -0.3950434 -0.2945457 -0.188242 -0.08615766 0.002999137 0.07374515 0.12476 0.1585891 0.1802809 0.1954817 0.2086674 0.2220895 0.2357112 0.2480291 0.2573602 0.2630376 0.2660404 0.2688308 0.27448 0.2854238 0.3022987 0.3232661 0.344059 0.3587702 0.3612008 0.3464655
0.6112858 0.6448428 0.6589559 0.6560894 0.6418707 0.6236353 0.6085787 0.6019652 0.6057941 0.6181923 0.6336361 0.643945 0.6398546 0.612882 0.557134 0.4707007 0.3563162 0.2210932 0.07532249 -0.06944226 -0.2025831 -0.3163521 -0.4070218 -0.4749309 -0.5234197 -0.5569996 -0.5793571 -0.5918597 -0.5930753 -0.5794714 -0.5470494 -0.4933304 -0.4189751 -0.3284351 -0.2293754 -0.1310343 -0.04206209 0.03144628 0.08709467 0.1261803 0.1526263 0.1713004 0.1863457 0.2000947 0.2128712 0.2236334 0.2311017 0.2348627 0.2359935 0.2369648 0.2408707 0.2502763 0.266099 0.2869096 0.3088937 0.3265152 0.3337347 0.3255148
0.6462211 0.6829231 0.700615 0.7006592 0.6871732 0.6659099 0.6428031 0.6225301 0.6074026 0.5968005 0.5872396 0.5730524 0.5475592 0.5045271 0.4396534 0.3517683 0.2434676 0.1209638 -0.006896116 -0.1302881 -0.240375 -0.3310744 -0.4001283 -0.4491421 -0.4825499 -0.5058064 -0.5233655 -0.5370995 -0.5456859 -0.5451721 -0.5305301 -0.4976699 -0.4452153 -0.3754281 -0.2939603 -0.2085287 -0.1269695 -0.05533862 0.003324249 0.04920867 0.08494179 0.1141624 0.1400253 0.1641761 0.1865129 0.2057285 0.22033 0.2296742 0.2345862 0.2373188 0.2408732 0.2479373 0.2598239 0.2757723 0.2928469 0.3064811 0.3115393 0.3036493
0.6931649 0.7266833 0.7414985 0.7380343 0.7189652 0.6885211 0.6515247 0.6123747 0.5741732 0.5381467 0.503452 0.4674057 0.426122 0.3754738 0.3122189 0.2350558 0.1453349 0.04718198 -0.05309303 -0.1482352 -0.2316548 -0.2989721 -0.3490243 -0.3839847 -0.4085009 -0.4280772 -0.4471874 -0.4677268 -0.4883178 -0.5047155 -0.5111924 -0.5024453 -0.4753888 -0.4302389 -0.3705428 -0.3021762 -0.2316863 -0.1645673 -0.1040488 -0.05076373 -0.003323705 0.04049896 0.08248122 0.1230505 0.1610874 0.1944472 0.2209369 0.2393246 0.249971 0.2548395 0.2568901 0.2590862 0.2633695 0.2699509 0.2771422 0.2817758 0.2800957 0.2688839
0.7228706 0.7449125 0.7500797 0.7382909 0.7110005 0.6709747 0.621875 0.5677055 0.5121927 0.4581807 0.407147 0.3589555 0.3119532 0.2634569 0.2105767 0.1511993 0.08485998 0.01321171 -0.06012013 -0.1303315 -0.1926973 -0.2439233 -0.2831481 -0.3122255 -0.3351387 -0.3566846 -0.3808286 -0.4092677 -0.4406907 -0.4710025 -0.4944575 -0.5053353 -0.4996075 -0.4760503 -0.4364582 -0.3849331 -0.3265413 -0.2658422 -0.2058051 -0.1474625 -0.0903518 -0.03350035 0.0234854 0.07967814 0.1327283 0.179429 0.2167084 0.2426546 0.2571755 0.2620525 0.2603776 0.2555882 0.2504387 0.2462501 0.2426598 0.2379218 0.2296431 0.2157299
0.7113867 0.7151933 0.7066687 0.6856881 0.6526735 0.6088447 0.5563675 0.4982886 0.4381955 0.3796264 0.3253538 0.2767456 0.2334254 0.1933968 0.1536617 0.1111903 0.06396152 0.01172954 -0.04376742 -0.09926644 -0.150991 -0.195891 -0.232686 -0.262332 -0.2877163 -0.3126526 -0.3404962 -0.3728462 -0.4087839 -0.4449176 -0.4762313 -0.4974556 -0.5045025 -0.4954919 -0.4710488 -0.4338197 -0.3874298 -0.3352972 -0.279749 -0.2217446 -0.1612664 -0.09816762 -0.03309408 0.03192911 0.09351148 0.1475366 0.1902023 0.219081 0.2338126 0.2361859 0.2295884 0.2180281 0.2050632 0.1929828 0.1824683 0.1727932 0.1624524 0.1499968
0.6517405 0.6346378 0.612449 0.5852856 0.5525965 0.5138654 0.4693049 0.4202744 0.369245 0.3192895 0.273247 0.2328419 0.1980785 0.1671552 0.1369744 0.104117 0.06597047 0.02163296 -0.02773019 -0.07921616 -0.1291046 -0.1740603 -0.2122048 -0.243684 -0.2705292 -0.2958559 -0.3226747 -0.3527234 -0.3857182 -0.4192766 -0.4495265 -0.4721849 -0.4837281 -0.4822619 -0.4678162 -0.4420058 -0.4072348 -0.3657791 -0.3191184 -0.2677758 -0.2117114 -0.1510884 -0.08706928 -0.02227768 0.03931449 0.09309255 0.1348806 0.1620299 0.174133 0.1731168 0.1626859 0.1473149 0.1311227 0.1169813 0.1061 0.09815478 0.09186155 0.08577517
0.5564721 0.520398 0.4878545 0.4592033 0.4328941 0.4065578 0.3781824 0.3469655 0.3135743 0.2797635 0.2475308 0.2181543 0.1914952 0.1658475 0.1384157 0.1062637 0.06739918 0.0215975 -0.02934183 -0.08201685 -0.1323899 -0.1769743 -0.2138389 -0.2430949 -0.26671 -0.2877273 -0.3091628 -0.3329535 -0.3592955 -0.3865702 -0.4118501 -0.4317853 -0.4435554 -0.4455655 -0.4376713 -0.4208991 -0.3968074 -0.3667727 -0.3315015 -0.290977 -0.2448732 -0.1932688 -0.1373584 -0.07983302 -0.02471406 0.02337251 0.06027666 0.08340523 0.09243332 0.08939891 0.07814748 0.06331383 0.04917212 0.03870446 0.03313807 0.03203131 0.03381869 0.03660875
0.4500199 0.4001931 0.3618123 0.3352927 0.318101 0.3061692 0.2954439 0.2830669 0.2678608 0.2500677 0.2305581 0.2099023 0.1877157 0.1625573 0.1324213 0.09561912 0.05168702 0.001937245 -0.05059547 -0.1018316 -0.1477325 -0.1854259 -0.2139866 -0.234614 -0.2501574 -0.2641624 -0.2797573 -0.2987345 -0.3210952 -0.3451589 -0.3681586 -0.3870935 -0.3995527 -0.4042536 -0.4011511 -0.3911239 -0.3753914 -0.3549044 -0.3299598 -0.3002064 -0.2650564 -0.2243529 -0.1790212 -0.1314158 -0.08516234 -0.04448004 -0.01316998 0.006404437 0.01399519 0.01156672 0.00277373 -0.008008036 -0.0167856 -0.02085323 -0.01925718 -0.01273902 -0.003233891 0.006895824
0.3556974 0.298505 0.2580896 0.2346488 0.2248312 0.223376 0.2248878 0.2251855 0.221885 0.2141883 0.2021421 0.1857929 0.1646542 0.1377238 0.1040232 0.06339133 0.01714031 -0.03177623 -0.07923338 -0.1209362 -0.1536208 -0.1760299 -0.1893112 -0.1966889 -0.2025151 -0.211015 -0.2251256 -0.2457709 -0.2717547 -0.3002417 -0.3276276 -0.3505065 -0.3664512 -0.37441 -0.3746564 -0.3683625 -0.3569714 -0.3415956 -0.3226506 -0.2998554 -0.2726012 -0.2405569 -0.2042758 -0.1655448 -0.1272953 -0.09304686 -0.06603644 -0.04831978 -0.04015868 -0.03991541 -0.04449591 -0.05019135 -0.05364115 -0.05262337 -0.04646684 -0.03602012 -0.02324352 -0.01056547
0.2848247 0.2261205 0.1860352 0.1643337 0.1571741 0.1588625 0.1636849 0.1672406 0.1669644 0.161856 0.1517364 0.1364827 0.1156435 0.08861327 0.05525329 0.01661781 -0.02463582 -0.06445796 -0.09828451 -0.1223327 -0.1348612 -0.1369162 -0.1322516 -0.1264055 -0.1252163 -0.1332517 -0.1526387 -0.1826222 -0.2199248 -0.2597257 -0.2969124 -0.3272317 -0.3480526 -0.3586076 -0.3597408 -0.3533098 -0.3414531 -0.3259355 -0.307748 -0.2870566 -0.263495 -0.2366902 -0.2068244 -0.1750106 -0.1433136 -0.1143694 -0.09071321 -0.07404954 -0.06473211 -0.06164691 -0.06253925 -0.06465917 -0.06549569 -0.06336695 -0.05772084 -0.04912185 -0.03899259 -0.02920523
0.2338931 0.1782872 0.1399818 0.1182203 0.1090751 0.1072022 0.1075686 0.1066073 0.1025369 0.09493368 0.08392172 0.06945927 0.05109654 0.02832052 0.001292607 -0.02843641 -0.05768108 -0.08211472 -0.09745186 -0.1009457 -0.09264064 -0.0758592 -0.0566585 -0.04236687 -0.0396498 -0.05272447 -0.08227958 -0.1253969 -0.1764261 -0.2284687 -0.2749865 -0.3110858 -0.3342034 -0.3441408 -0.3425762 -0.3322816 -0.3162849 -0.2971721 -0.2766566 -0.2554751 -0.2335948 -0.2106479 -0.1864424 -0.161367 -0.1365343 -0.1135957 -0.09429221 -0.07991688 -0.07090488 -0.06671419 -0.06602923 -0.06718252 -0.06861159 -0.0691872 -0.06834488 -0.06606007 -0.06275891 -0.05922283
0.1905567 0.1414727 0.1064202 0.08416589 0.07105794 0.06267056 0.05530442 0.04685683 0.03686624 0.02587849 0.01454246 0.002921316 -0.009629092 -0.02395324 -0.0402213 -0.05715916 -0.0718549 -0.08038839 -0.07916846 -0.06651684 -0.04386585 -0.01602551 0.009699911 0.02533216 0.02439937 0.003756425 -0.03554242 -0.08856031 -0.147812 -0.2051286 -0.2534577 -0.2881179 -0.3072799 -0.3117231 -0.3041042 -0.2880354 -0.2672184 -0.2447839 -0.2228988 -0.2026494 -0.1841799 -0.1670329 -0.1505971 -0.1345231 -0.1189697 -0.1045944 -0.09230866 -0.08292092 -0.07684106 -0.07397883 -0.0738572 -0.07584252 -0.07933849 -0.08383563 -0.08882649 -0.09370759 -0.0978126 -0.1006267
0.1439539 0.1037898 0.07383163 0.05252313 0.03672884 0.02317466 0.009654196 -0.004409755 -0.01818153 -0.03022034 -0.03945759 -0.04586599 -0.05049258 -0.0548279 -0.05980758 -0.06494865 -0.06810708 -0.06609739 -0.0560318 -0.03688155 -0.01059876 0.01774739 0.04100419 0.05186043 0.04501722 0.01884497 -0.02404491 -0.07747882 -0.1333653 -0.1837112 -0.2223605 -0.2459949 -0.2542622 -0.2492026 -0.2343166 -0.2136119 -0.1908493 -0.1690538 -0.1502616 -0.1354525 -0.124642 -0.1171245 -0.1118367 -0.107754 -0.1041987 -0.1009547 -0.09817162 -0.09614372 -0.09511061 -0.09519711 -0.09650223 -0.0992284 -0.103695 -0.1101492 -0.1184408 -0.1277644 -0.1366982 -0.1436246
0.09255838 0.06246441 0.03914535 0.02096131 0.005419178 -0.00966153 -0.02524732 -0.04078595 -0.05458881 -0.06471151 -0.06993578 -0.07040692 -0.0676222 -0.06374923 -0.06056529 -0.05851137 -0.0563443 -0.05163332 -0.04197114 -0.02641824 -0.006537642 0.01350404 0.02792861 0.03113123 0.01960651 -0.006719962 -0.04426475 -0.08673902 -0.1269028 -0.1584695 -0.1775174 -0.183031 -0.1765662 -0.1613497 -0.1412416 -0.1199075 -0.1003439 -0.08470204 -0.07426806 -0.0694849 -0.06999945 -0.07478868 -0.08241063 -0.09134962 -0.1003437 -0.1085664 -0.1156084 -0.1213219 -0.1256758 -0.128748 -0.1308643 -0.1327513 -0.1355042 -0.1402549 -0.1476171 -0.1571855 -0.1674171 -0.1760768
0.04476341 0.0241137 0.007475548 -0.006567623 -0.01978854 -0.03346838 -0.04777021 -0.0615915 -0.07297281 -0.07991485 -0.08127532 -0.07735908 -0.06991975 -0.06153087 -0.05456736 -0.05023842 -0.04812728 -0.04649361 -0.04325421 -0.03722493 -0.02904458 -0.02130187 -0.01772293 -0.02170378 -0.03479196 -0.05577597 -0.08079757 -0.1044666 -0.1215347 -0.1284651 -0.1243207 -0.1107185 -0.09100518 -0.06909793 -0.04848127 -0.03167117 -0.0201698 -0.01470374 -0.01547428 -0.02225465 -0.03434844 -0.05055221 -0.06926275 -0.08875353 -0.1075061 -0.124426 -0.138844 -0.1503525 -0.1586511 -0.1635735 -0.1653272 -0.1647873 -0.1635718 -0.1636991 -0.1668619 -0.173629 -0.1830163 -0.1927452
0.01229723 -0.001594104 -0.01376276 -0.02506379 -0.03645862 -0.04850312 -0.06094521 -0.07262596 -0.08177577 -0.08663929 -0.0862076 -0.0807547 -0.0719194 -0.06224468 -0.05432379 -0.0498994 -0.04931586 -0.05158889 -0.05507645 -0.05843682 -0.06139508 -0.06490493 -0.0705766 -0.07961357 -0.09177643 -0.1049215 -0.1154153 -0.1193148 -0.1138278 -0.09842049 -0.07509516 -0.04773991 -0.02087277 0.001657349 0.01749062 0.0258616 0.02712121 0.02205734 0.01141153 -0.004211082 -0.02411857 -0.0472604 -0.07216211 -0.09714437 -0.1206892 -0.1417103 -0.1595589 -0.1737986 -0.183969 -0.18959 -0.1905011 -0.187364 -0.1819724 -0.1770393 -0.1753975 -0.1789124 -0.1876443 -0.1997442
0.00118784 -0.0101776 -0.02185728 -0.03384727 -0.04619883 -0.05883364 -0.07131266 -0.08269899 -0.09164153 -0.09672074 -0.09696828 -0.09235733 -0.08402743 -0.07409177 -0.06505379 -0.05905245 -0.0572587 -0.05969133 -0.06551921 -0.07366431 -0.083353 -0.09428327 -0.1062905 -0.1186983 -0.1297668 -0.1366592 -0.1361129 -0.1256229 -0.1046365 -0.07517368 -0.04151553 -0.0090225 0.01744215 0.03482142 0.04238264 0.04131237 0.03369454 0.02143475 0.005644111 -0.01331458 -0.03529949 -0.05980179 -0.08568778 -0.1114024 -0.1354507 -0.1568039 -0.1749557 -0.1896234 -0.2003634 -0.206467 -0.2073296 -0.2031537 -0.195553 -0.1875824 -0.182986 -0.1848966 -0.194584 -0.2108984
0.006437075 -0.006811968 -0.02207376 -0.03832835 -0.05468668 -0.07049725 -0.08523942 -0.09829836 -0.1087914 -0.1156028 -0.1176806 -0.1144957 -0.106452 -0.09501985 -0.08248375 -0.07138022 -0.06385764 -0.0612284 -0.06386963 -0.07142834 -0.08311591 -0.09784592 -0.1141073 -0.1296961 -0.1416068 -0.1463796 -0.140983 -0.1239773 -0.09645268 -0.06221526 -0.02697773 0.003240636 0.02389459 0.03313589 0.03197092 0.02333475 0.01056565 -0.003981042 -0.01956377 -0.0367426 -0.05643304 -0.0789294 -0.1034442 -0.1283527 -0.1518981 -0.1728587 -0.1907545 -0.2055128 -0.2168992 -0.224204 -0.2265219 -0.2235603 -0.2165123 -0.2083843 -0.2034056 -0.2056445 -0.2174338 -0.2383804
0.01399932 -0.004066566 -0.02509458 -0.04711532 -0.06843259 -0.08795995 -0.1051973 -0.119903 -0.131668 -0.1396566 -0.1426963 -0.1397215 -0.1303753 -0.1154768 -0.09710607 -0.07823893 -0.06207615 -0.05133611 -0.04775872 -0.05191633 -0.06325151 -0.08017568 -0.1001237 -0.1196205 -0.1345549 -0.1408451 -0.1354885 -0.1177009 -0.08963978 -0.05624299 -0.02403207 0.000797489 0.01428173 0.01579021 0.007834887 -0.005328058 -0.01965641 -0.03293837 -0.04535676 -0.05883383 -0.07559941 -0.09678093 -0.1217326 -0.1483637 -0.1741605 -0.1972413 -0.2168394 -0.2330139 -0.2459025 -0.2551189 -0.2598011 -0.2593736 -0.2545806 -0.2480935 -0.244161 -0.247291 -0.2605181 -0.2840962
0.008838624 -0.01444382 -0.04044847 -0.06655823 -0.09060135 -0.1113373 -0.1284779 -0.142263 -0.1528199 -0.1596532 -0.1615584 -0.1570502 -0.1451348 -0.1260718 -0.1017594 -0.07554627 -0.05153256 -0.03363241 -0.02472914 -0.02614752 -0.03748195 -0.05667932 -0.08026326 -0.1036884 -0.1219228 -0.1303561 -0.1259655 -0.108423 -0.08065195 -0.04840706 -0.01879037 0.00189 0.01012146 0.006196627 -0.00625434 -0.02204715 -0.03676265 -0.04855566 -0.05864826 -0.07034417 -0.08712084 -0.1107807 -0.1405556 -0.1735148 -0.205934 -0.2348137 -0.2587441 -0.2777653 -0.2924936 -0.3032023 -0.3095241 -0.3110006 -0.3081196 -0.3031144 -0.2998801 -0.3028509 -0.3153005 -0.3378984
