Data products/Raw data/GRACE_upright.txt
NCOLS 720
NROWS 360
XLLCORNER -180.000000
YLLCORNER -90.000000
CELLSIZE 0.500000
NODATA_VALUE       -9999
[rows 130 to 155 of 360, columns 58 to 115 of 720]
0.2085528 0.2107258 0.2142091 0.2197859 0.2276015 0.2368582 0.2460651 0.2537267 0.2590802 0.2624536 0.2650266 0.268123 0.2724371 0.2776425 0.2826089 0.2861022 0.2875531 0.2874351 0.2870121 0.287584 0.2896552 0.2925129 0.2944787 0.2937215 0.2892011 0.2812292 0.271345 0.2615753 0.2534883 0.2475501 0.2431154 0.2390176 0.2343893 0.2292303 0.2243979 0.2210485 0.2198799 0.220645 0.2222464 0.2233757 0.2233356 0.2225599 0.2225063 0.2249483 0.2310366 0.2406375 0.2523106 0.2639382 0.27366 0.2806073 0.2850558 0.2879562 0.2901572 0.2918041 0.2922786 0.2907039 0.2866856 0.2807908
0.2064198 0.2026928 0.2003295 0.2003802 0.2032685 0.2085495 0.2151516 0.221962 0.2284041 0.2346567 0.241381 0.2491221 0.2577605 0.2663692 0.2735957 0.27837 0.2805252 0.280948 0.2811313 0.2823484 0.2849001 0.287863 0.2895009 0.2881326 0.2829907 0.274608 0.2645305 0.25453 0.2457691 0.2383852 0.2317138 0.2249922 0.2181055 0.211908 0.207899 0.2074177 0.2108108 0.2170701 0.2241839 0.2300546 0.2335067 0.234849 0.2356828 0.2380533 0.2433938 0.2518181 0.2621172 0.2724306 0.2811972 0.2878509 0.292894 0.297341 0.3018912 0.3063338 0.3095505 0.3101216 0.3071817 0.3010118
0.2351307 0.2265316 0.2181964 0.2114799 0.2071677 0.2052861 0.2053404 0.2068106 0.2095776 0.2139959 0.2205576 0.229356 0.2397046 0.2501919 0.2592002 0.2656269 0.2694023 0.2714857 0.2733081 0.2759464 0.2794811 0.2829026 0.2846261 0.2833364 0.2786893 0.2714793 0.2631837 0.2551564 0.2479467 0.241149 0.2338795 0.2256017 0.2168003 0.2090706 0.204511 0.2047069 0.2098486 0.2184816 0.2280638 0.2360748 0.2411224 0.2434864 0.2448357 0.2472868 0.2523144 0.260077 0.2694831 0.2789058 0.2871121 0.2938724 0.2999183 0.3062988 0.3135244 0.3210113 0.3271604 0.3300495 0.3283656 0.3220703
0.2767757 0.2671101 0.2561979 0.2454958 0.2359608 0.2279172 0.2213183 0.216195 0.2129672 0.212387 0.21512 0.2212143 0.2298051 0.2392844 0.247897 0.254464 0.2588345 0.2618054 0.2645417 0.2678192 0.2715213 0.2746792 0.2760345 0.2747929 0.2711207 0.2660771 0.2610066 0.2567423 0.2531006 0.2489964 0.2431539 0.2350336 0.2254396 0.2164213 0.2104603 0.2093306 0.2132232 0.2206035 0.2288995 0.2356791 0.2397257 0.2414768 0.2426338 0.245185 0.2503778 0.2581747 0.267441 0.2767043 0.2850225 0.2924601 0.2999105 0.3083805 0.3181535 0.3283146 0.3369189 0.3417325 0.3411696 0.3349512
0.3046706 0.2980032 0.289182 0.2794713 0.2696634 0.2600151 0.2505688 0.2416076 0.2339128 0.2286183 0.2267152 0.228487 0.233227 0.2394367 0.2454328 0.2500446 0.2530224 0.2549359 0.2566379 0.2586197 0.2606499 0.2619183 0.2615945 0.259452 0.2561516 0.2529662 0.2510681 0.2507781 0.2512368 0.2507414 0.2476235 0.2412165 0.2323808 0.2232667 0.2163973 0.2135231 0.2148367 0.2189519 0.223654 0.2270252 0.22836 0.2284151 0.2289003 0.2315218 0.2371071 0.2452694 0.2547503 0.2642048 0.2729585 0.2813075 0.2901992 0.3004865 0.3121768 0.3240966 0.3341605 0.3401131 0.3403777 0.3346085
0.3017736 0.299852 0.2960796 0.2913461 0.2860224 0.279967 0.2729262 0.2650403 0.2571063 0.2504012 0.2461424 0.2448866 0.2462195 0.2489262 0.2515548 0.2530621 0.2531828 0.2523359 0.2511585 0.2499807 0.2485844 0.2464051 0.2430483 0.2387751 0.2346076 0.2319175 0.2316839 0.2338339 0.2370746 0.2393776 0.2389131 0.2349608 0.2283096 0.2209144 0.2149712 0.2118874 0.2116812 0.2131138 0.2144619 0.2145027 0.213179 0.2116077 0.2114586 0.2140706 0.2197969 0.2279185 0.2371363 0.246331 0.255146 0.2640704 0.273988 0.2854604 0.2981462 0.3106701 0.3210079 0.3271824 0.3279298 0.3230436
0.2724878 0.273781 0.2745217 0.2752845 0.2760204 0.2761073 0.2748155 0.2718744 0.2677777 0.2636288 0.2606071 0.2593618 0.2596777 0.2606005 0.2609353 0.2598253 0.2570819 0.2531027 0.2484714 0.2435259 0.2381897 0.232182 0.2254612 0.2185882 0.2127168 0.2091437 0.2086286 0.2108728 0.2144922 0.2175616 0.2184827 0.2167262 0.2130471 0.209046 0.2063092 0.2055902 0.2064732 0.2076917 0.2079089 0.2065192 0.2040269 0.2018079 0.2014065 0.2037746 0.2088739 0.2158367 0.2235596 0.2313617 0.2393221 0.2481122 0.2584366 0.2704141 0.283251 0.2953797 0.3049734 0.3105558 0.3114093 0.307632
0.2397441 0.2406636 0.2424135 0.2455285 0.2498191 0.2544163 0.2582521 0.2606547 0.2616958 0.2620889 0.2627124 0.264046 0.2658504 0.2672651 0.2672506 0.2651033 0.2607475 0.2546586 0.2475076 0.23978 0.2316262 0.2230306 0.2141635 0.2056463 0.1984988 0.1937418 0.1918628 0.1924718 0.1943935 0.1961955 0.1968905 0.1964202 0.1956374 0.1957754 0.1976928 0.2013176 0.2056145 0.2091008 0.2106279 0.2099925 0.2080399 0.2062159 0.2058348 0.2074852 0.2108975 0.2153173 0.2201265 0.2253167 0.2315193 0.2395724 0.2498866 0.2619897 0.2745241 0.2856968 0.293929 0.2983484 0.2988909 0.2960281
0.229423 0.226846 0.2255514 0.2263588 0.2293406 0.2338083 0.238735 0.2433169 0.2473297 0.2510839 0.2550359 0.2593138 0.2634543 0.266509 0.267453 0.265651 0.2611164 0.2544343 0.2464279 0.2377932 0.228925 0.2200123 0.2112905 0.2032333 0.1965085 0.1916951 0.1889408 0.1878097 0.187471 0.1871669 0.1866979 0.1866186 0.1879798 0.1917188 0.1980247 0.2060486 0.2141555 0.2206101 0.224339 0.225357 0.2246351 0.2235055 0.2229626 0.2232681 0.2240742 0.224956 0.225987 0.2279641 0.2321005 0.2393395 0.2496871 0.2619717 0.2741986 0.2843198 0.291 0.2939672 0.2937898 0.291274
0.2528585 0.2462459 0.2399864 0.2353568 0.2329855 0.2327422 0.2340403 0.2362998 0.2392659 0.243004 0.2476089 0.2528447 0.2579684 0.2618698 0.2634651 0.2621274 0.2579189 0.2515113 0.2438653 0.2358637 0.2280988 0.2208866 0.2144272 0.2089424 0.2046616 0.2016657 0.1997292 0.1983367 0.1969422 0.1953622 0.1940603 0.1940942 0.1966728 0.2025059 0.2112942 0.2216654 0.2316401 0.2394157 0.2440635 0.2457736 0.2455342 0.2444578 0.2431701 0.2416333 0.2394993 0.2367491 0.2341724 0.2333226 0.2358893 0.2428035 0.2535848 0.2663394 0.2784592 0.2876725 0.2928839 0.2943595 0.2931925 0.2904069
0.2993972 0.2911168 0.2813054 0.2716065 0.2632174 0.2566802 0.2520356 0.2491469 0.2479486 0.24846 0.2505841 0.2538612 0.257379 0.2599471 0.2604746 0.2583644 0.253718 0.2472552 0.2400074 0.2329575 0.2268023 0.2219106 0.2184169 0.2163221 0.2155036 0.2156492 0.216225 0.2165959 0.2163173 0.2154634 0.2147768 0.2154717 0.2187095 0.224977 0.2337008 0.2433435 0.2519802 0.2580766 0.2610621 0.2613903 0.2600744 0.2579917 0.2553988 0.2519702 0.2473456 0.2418316 0.2367704 0.2342493 0.236219 0.243462 0.2549985 0.2683128 0.2803381 0.2887047 0.2925898 0.2927228 0.2905775 0.2872531
0.3439665 0.3376582 0.3280312 0.3167888 0.3054241 0.294942 0.285878 0.2784897 0.2729309 0.2692767 0.267397 0.2668022 0.2666152 0.2657535 0.2632707 0.2586987 0.2522175 0.2445708 0.2367805 0.2298136 0.2243554 0.2207577 0.2191105 0.2193281 0.221165 0.2241763 0.227715 0.2310645 0.2337082 0.2356104 0.2373178 0.2397518 0.2437325 0.2494623 0.2562641 0.2627636 0.2674635 0.2694156 0.2686161 0.2658889 0.2623193 0.2585846 0.2546092 0.2497917 0.2436976 0.2367892 0.2306914 0.2277242 0.2298606 0.2376451 0.2496889 0.2630819 0.2745655 0.2818683 0.2844969 0.2835635 0.2807716 0.2771692
0.3642578 0.3623753 0.3565023 0.3480569 0.3384269 0.3286711 0.3194514 0.3111329 0.3039156 0.2978802 0.2929244 0.28867 0.2844573 0.2794984 0.2731533 0.2652009 0.2559617 0.2462012 0.2368681 0.2288023 0.2225569 0.2183891 0.2163657 0.2164678 0.2186019 0.222524 0.2277684 0.2336899 0.239651 0.2452616 0.2505106 0.255665 0.2609567 0.2662336 0.2708109 0.2736701 0.273937 0.2713777 0.2665976 0.2607788 0.2550684 0.2499709 0.2451373 0.2397315 0.2332044 0.2260187 0.2198354 0.2169491 0.2191937 0.2268875 0.2384276 0.2508195 0.2609186 0.2667415 0.268145 0.2665045 0.263592 0.2603097
0.3556057 0.3577843 0.3567716 0.3535103 0.348981 0.3439195 0.3387196 0.3335039 0.3282606 0.3229323 0.3174064 0.3114526 0.3047026 0.2967448 0.2873191 0.2765108 0.2648197 0.2530441 0.2420281 0.23241 0.2245068 0.2183882 0.2140689 0.2116738 0.2114568 0.213654 0.218273 0.2249652 0.2330734 0.2418238 0.2505321 0.2586829 0.2658422 0.2714997 0.2750074 0.2757325 0.2733817 0.268299 0.2614996 0.254329 0.2478763 0.2424632 0.2375433 0.2321405 0.225631 0.2184211 0.212079 0.2087484 0.2100924 0.2163227 0.2258786 0.2359908 0.2438749 0.2479266 0.2482668 0.2463363 0.2437821 0.2412888
0.3334103 0.3367253 0.3385998 0.3395659 0.3401472 0.3406057 0.3408575 0.3405693 0.3393465 0.336882 0.3329892 0.327542 0.320414 0.3115058 0.3008701 0.2888491 0.2761053 0.2634801 0.2517278 0.2412727 0.2321402 0.2241214 0.2170847 0.2112478 0.2072357 0.2058714 0.2078028 0.213167 0.2214642 0.231689 0.2426176 0.2530839 0.2621213 0.2689715 0.2730636 0.2740708 0.272059 0.2676122 0.2617748 0.2557295 0.2503153 0.2456404 0.2410598 0.2356096 0.228716 0.2207866 0.2133 0.2082573 0.2072288 0.2104957 0.2167816 0.2237661 0.2291356 0.2316043 0.2313419 0.2295713 0.2275884 0.2257964
0.321677 0.3225837 0.3237074 0.3254337 0.3280272 0.3313945 0.3350308 0.338177 0.3400827 0.3402159 0.3383176 0.3343138 0.3282001 0.3200152 0.3099362 0.2984119 0.2861925 0.2741709 0.2630758 0.2531878 0.2442662 0.2357761 0.227321 0.2190525 0.2118113 0.2068962 0.2055568 0.2084594 0.2153894 0.2253123 0.2367286 0.2481168 0.2582593 0.2663584 0.2719938 0.2750474 0.2756793 0.2743381 0.271702 0.2684766 0.2650854 0.2614237 0.2568732 0.2506594 0.2424187 0.2326675 0.2228613 0.2149249 0.2104413 0.2099106 0.2124951 0.2164129 0.2197824 0.2214504 0.221343 0.2201586 0.2186249 0.2168095
0.3358371 0.3324856 0.3300165 0.3289633 0.3296239 0.3318125 0.3348409 0.3377467 0.3396328 0.3399191 0.3383808 0.3350015 0.3297901 0.3227255 0.313878 0.3036061 0.2926435 0.2819435 0.2723144 0.26404 0.256737 0.2495857 0.2418548 0.2334511 0.2251795 0.2185425 0.2151571 0.2160752 0.2213465 0.2300206 0.2405501 0.2513553 0.2612677 0.2696817 0.2764349 0.2815757 0.285189 0.2873477 0.2881338 0.287624 0.2857911 0.2823913 0.2769723 0.2690956 0.2587165 0.2465183 0.2339573 0.2229039 0.2149943 0.211001 0.2105553 0.2123775 0.2148877 0.21685 0.217696 0.2173821 0.215941 0.213089
0.3718382 0.3652467 0.3590164 0.3539776 0.3506459 0.3489484 0.34824 0.3476055 0.346263 0.3438256 0.3402823 0.3357528 0.3302243 0.3234835 0.3153124 0.3058111 0.2955986 0.2856971 0.2771065 0.2702976 0.2649404 0.2600746 0.2546735 0.2483069 0.2415266 0.2357378 0.2326011 0.2332761 0.2379012 0.2455646 0.2547484 0.2639771 0.2723213 0.2795298 0.2857972 0.2913708 0.2962501 0.3001221 0.3025008 0.3029195 0.3010337 0.2966072 0.2894718 0.2795818 0.2671988 0.2531056 0.2386689 0.2256188 0.2155749 0.2095191 0.2074751 0.2085598 0.2113648 0.2144446 0.216651 0.2171797 0.2154116 0.2107782
0.4089937 0.4023522 0.3949636 0.3878802 0.3817904 0.3767305 0.3721483 0.3672844 0.361628 0.3551621 0.3482521 0.3412709 0.334235 0.3267239 0.3181658 0.3083184 0.2976227 0.2871603 0.2781913 0.2715197 0.2670683 0.2639421 0.2609731 0.2574476 0.2535911 0.2505187 0.2496659 0.2520152 0.2575508 0.2652362 0.2735054 0.280974 0.2869725 0.291635 0.2955523 0.2992356 0.3027171 0.3054865 0.3067406 0.3057466 0.3020919 0.2957155 0.2867866 0.2755898 0.2625436 0.2483378 0.2340539 0.2211061 0.2109446 0.2046213 0.202423 0.2037555 0.2073259 0.2115103 0.2147156 0.2155969 0.2131249 0.2066179
0.4244736 0.4210867 0.4162263 0.4109277 0.4058099 0.4008033 0.3952868 0.3885571 0.3803365 0.3709946 0.3613329 0.3520685 0.3433532 0.3346575 0.3251235 0.3141885 0.3020919 0.2899314 0.2792022 0.2710744 0.2658363 0.2628387 0.2609802 0.259439 0.2582067 0.2580955 0.2602076 0.265183 0.2726731 0.2813547 0.2894776 0.2956287 0.2992862 0.3008737 0.3013257 0.3014499 0.3014589 0.3009061 0.2990043 0.2950859 0.2889199 0.2807324 0.2709886 0.2601406 0.2485342 0.2365284 0.2247098 0.2140014 0.2055312 0.2002794 0.1986728 0.2003355 0.2041197 0.208389 0.2114094 0.2116847 0.2081543 0.2002761
0.4093019 0.4105431 0.4106476 0.4103884 0.4100354 0.4091359 0.4067419 0.4019741 0.3945886 0.3851888 0.3749332 0.3648964 0.3554707 0.3461837 0.3360617 0.3243341 0.3110538 0.2972532 0.2845293 0.2743022 0.2671868 0.2628484 0.2604112 0.2591468 0.2589985 0.260604 0.264794 0.2718746 0.2811439 0.2909537 0.2993074 0.3046651 0.3065143 0.3054096 0.3024996 0.2988429 0.2949068 0.2904984 0.2850979 0.278336 0.2702994 0.2614999 0.2525709 0.2439297 0.2356419 0.2275739 0.2197131 0.2124249 0.206451 0.2026186 0.2014108 0.2026299 0.2053341 0.2080743 0.2093053 0.207781 0.2027879 0.1941785
0.3748056 0.3793862 0.3841685 0.3895629 0.395365 0.4006019 0.4038383 0.4038194 0.4000959 0.3932618 0.3846401 0.3755807 0.3667717 0.3579678 0.3482942 0.3369408 0.3238243 0.3098191 0.2964236 0.2850746 0.27653 0.2706886 0.2669317 0.2647371 0.2641498 0.2657839 0.2703385 0.2779226 0.2876198 0.2975909 0.3056934 0.3102925 0.3108292 0.3078609 0.3025949 0.2962188 0.2894088 0.2822583 0.2745874 0.2663724 0.2579899 0.2501204 0.2433945 0.2380342 0.2337355 0.2298782 0.2259323 0.2218063 0.2179189 0.2149426 0.2133661 0.2131237 0.2134963 0.2133349 0.2114841 0.2071901 0.2003063 0.1912296
0.3451595 0.3501075 0.3568229 0.3654574 0.3754661 0.3854914 0.3936945 0.3984234 0.3988818 0.395425 0.3893027 0.381981 0.3744219 0.3667235 0.3583063 0.3485048 0.3371846 0.3250061 0.3131866 0.3029285 0.2948869 0.2890084 0.2848241 0.2819799 0.28063 0.2814084 0.2849686 0.2913673 0.2996851 0.3081476 0.3147187 0.3178572 0.3170389 0.3127887 0.3062536 0.2985976 0.2905663 0.2824284 0.274244 0.2662165 0.2588564 0.2528357 0.248633 0.2462145 0.244974 0.243993 0.2424772 0.2401166 0.2371611 0.2341718 0.2315974 0.229421 0.2270776 0.223687 0.2184772 0.2111748 0.2021654 0.1923463
0.3412658 0.343885 0.3490647 0.356945 0.36699 0.3778455 0.3876023 0.3944072 0.3971351 0.3957661 0.3912609 0.3850045 0.3781337 0.3711185 0.3638024 0.355823 0.3471102 0.3381338 0.3297519 0.3227821 0.3175928 0.3139932 0.3114903 0.3097331 0.3088311 0.309313 0.3117256 0.3161145 0.3217174 0.3270861 0.3305966 0.331078 0.3282248 0.3225921 0.3152174 0.3071179 0.2989513 0.2909936 0.2833712 0.2763311 0.2703321 0.2658825 0.2632343 0.2621478 0.2619024 0.2615721 0.2604193 0.2581824 0.2550958 0.2516361 0.2481442 0.2445399 0.2402908 0.2346554 0.2270799 0.217546 0.2066985 0.1956811
0.3670466 0.366533 0.3679986 0.3718241 0.3778867 0.3853102 0.3925589 0.3978996 0.4000232 0.3985052 0.3938662 0.3872194 0.3797239 0.3721565 0.3648133 0.3577325 0.3510296 0.3450891 0.3404777 0.3376493 0.3366605 0.3371083 0.3383444 0.3398301 0.3413938 0.3432137 0.3455298 0.3482759 0.350877 0.3523638 0.3517551 0.3484918 0.3426778 0.3350008 0.3263996 0.3176854 0.3093272 0.3014884 0.2942329 0.2877218 0.2822493 0.2780934 0.2752943 0.2735261 0.2721689 0.2705546 0.2682495 0.2652065 0.2617002 0.2580822 0.2544949 0.2506999 0.2461131 0.2400306 0.2319438 0.2218064 0.2101432 0.1979548
0.4073702 0.4050659 0.4029432 0.4017547 0.4020594 0.4038042 0.406176 0.4078469 0.4074973 0.4043434 0.3983965 0.3903544 0.3812339 0.371983 0.3632792 0.3555693 0.3492381 0.3447265 0.3424824 0.3427706 0.3454796 0.3500748 0.3557468 0.3616677 0.3672 0.371938 0.3755851 0.3777855 0.3780597 0.3759168 0.3710861 0.3637192 0.3544203 0.3440693 0.3335304 0.3234067 0.3139654 0.305243 0.29723 0.289997 0.2836826 0.2783717 0.2739713 0.2701908 0.2666557 0.2630854 0.2594214 0.255819 0.2525068 0.2495942 0.2469352 0.2441114 0.2405295 0.2355766 0.2287728 0.2198895 0.2090302 0.1966693
