Data products/Raw data/GRACE_upright.txt
NCOLS 720
NROWS 360
XLLCORNER -180.000000
YLLCORNER -90.000000
CELLSIZE 0.500000
NODATA_VALUE       -9999
[rows 182 to 207 of 360, columns 116 to 173 of 720]
0.2521064 0.2462691 0.2414842 0.2374306 0.2337335 0.230331 0.2275116 0.2256365 0.2247813 0.2245686 0.2243155 0.2233901 0.2215358 0.2189602 0.2161589 0.2136239 0.2116371 0.2102595 0.2094669 0.2092819 0.2097808 0.2109779 0.212706 0.2146229 0.2163751 0.2178119 0.2190887 0.2205598 0.2225087 0.2248816 0.2271911 0.2286462 0.2284158 0.2258665 0.2206652 0.2127598 0.2023431 0.1898891 0.1762432 0.1626439 0.1505521 0.1412864 0.1356251 0.1336085 0.1346833 0.1381178 0.1434295 0.1505458 0.1595929 0.1704688 0.1825086 0.1944907 0.2049804 0.2127588 0.2170217 0.2172253 0.2127679 0.2028878
0.2374183 0.2351846 0.2348347 0.2355684 0.2366134 0.2376041 0.2385767 0.2396399 0.2406098 0.2409048 0.239797 0.2368489 0.2322249 0.2266516 0.2210447 0.2160465 0.2117774 0.2079465 0.2042215 0.2005846 0.1974269 0.195327 0.1946808 0.1954466 0.1971773 0.1993066 0.2014847 0.2037313 0.2063115 0.2094191 0.2128753 0.2160176 0.2178279 0.2172162 0.2133205 0.2057311 0.194618 0.1807768 0.1655873 0.1508393 0.1383948 0.1297474 0.1256405 0.1259402 0.1298517 0.1363767 0.1447524 0.1546091 0.1657665 0.1778386 0.1899594 0.2008681 0.20933 0.2146025 0.2165914 0.2155469 0.2115041 0.2039215
0.2206466 0.2203735 0.2222756 0.2252373 0.2283319 0.2311791 0.233852 0.2364519 0.238697 0.2398538 0.2390845 0.2359756 0.2308712 0.224754 0.2187242 0.2134076 0.2086763 0.2038661 0.198342 0.1920366 0.1856081 0.1801194 0.1764566 0.1748654 0.1748948 0.1757603 0.1768702 0.1781656 0.1800611 0.1830353 0.1871348 0.1916889 0.1953935 0.1967074 0.1943623 0.1877706 0.1772155 0.1638122 0.1492954 0.1356861 0.1248895 0.1182922 0.1164756 0.1191651 0.1254628 0.1342664 0.1446606 0.1560673 0.1680886 0.1801896 0.1914941 0.2009021 0.2075004 0.2109883 0.2117743 0.2105856 0.2077909 0.2029019
0.214512 0.2140287 0.2152183 0.2169511 0.2184893 0.2197873 0.2212813 0.2233391 0.225772 0.2277697 0.2283201 0.226835 0.2235442 0.2193674 0.2153283 0.2118899 0.2086592 0.2046675 0.1990538 0.1917072 0.1834468 0.1756231 0.169399 0.1651743 0.1625106 0.1605818 0.1588326 0.1574018 0.1570318 0.1585223 0.1620701 0.1669002 0.1714058 0.1737154 0.1723867 0.1669002 0.1577797 0.146372 0.1344506 0.1238099 0.1159429 0.1118209 0.111778 0.1155237 0.1223047 0.1311803 0.1413006 0.152045 0.1629552 0.1735373 0.1831204 0.1909355 0.1964154 0.199511 0.2007438 0.200847 0.2001428 0.198061
0.2259084 0.2240358 0.2227499 0.2211425 0.2188763 0.2164177 0.2147223 0.2145711 0.2159985 0.2181987 0.2199811 0.2204732 0.2195978 0.2180019 0.2164876 0.2153385 0.2140145 0.2114397 0.2067037 0.1997094 0.1913273 0.1829441 0.1756981 0.1699048 0.1650474 0.160329 0.155403 0.1507803 0.1476192 0.1470111 0.1492023 0.1532345 0.157233 0.1591778 0.1577334 0.1527116 0.144995 0.1360588 0.127406 0.1201956 0.1151483 0.1126336 0.1127718 0.1154646 0.120382 0.1269923 0.134675 0.1428667 0.1511407 0.1591735 0.1666534 0.1732458 0.178684 0.1829202 0.1861713 0.1887217 0.190533 0.1909131
0.2500977 0.2474148 0.2442439 0.2399152 0.2344112 0.2285688 0.2237267 0.2210098 0.2206946 0.2220615 0.2238291 0.2248867 0.2248438 0.2240529 0.223121 0.2222805 0.2210811 0.2186301 0.2142174 0.2078765 0.2004672 0.1931947 0.1868816 0.1814963 0.1762831 0.1704278 0.1638144 0.1573392 0.1525245 0.1506308 0.151811 0.1548429 0.1576269 0.15817 0.1554894 0.1499441 0.1428676 0.1357933 0.1297618 0.1250804 0.1215693 0.1190215 0.1175161 0.1173906 0.1189516 0.1221845 0.1266904 0.1318901 0.1373274 0.1428515 0.148564 0.154604 0.1609465 0.1673468 0.1734162 0.1787008 0.1826553 0.1845486
0.2728051 0.2712113 0.2687184 0.264683 0.2590485 0.2525952 0.2466602 0.242465 0.2404587 0.2400925 0.2401658 0.2395112 0.2375762 0.2345413 0.230952 0.2271739 0.2230911 0.2182677 0.2124315 0.2058842 0.1994799 0.1941308 0.1901679 0.1870354 0.1835999 0.1789313 0.1730551 0.1671367 0.1629026 0.1616016 0.163142 0.1659663 0.1677843 0.1667463 0.1623654 0.1556511 0.1484146 0.1422093 0.1375655 0.1339527 0.1304114 0.1263795 0.1221533 0.1187105 0.1170671 0.1176401 0.1200477 0.1234513 0.1271695 0.1311209 0.1358016 0.1418345 0.1494154 0.1580244 0.166561 0.1737676 0.1786392 0.1805886
0.279311 0.2807176 0.2818029 0.2816432 0.2796872 0.2761505 0.2719267 0.2680528 0.2650714 0.2627013 0.2600231 0.2560388 0.2502251 0.2427317 0.2341486 0.2250748 0.2158431 0.2065996 0.1976282 0.1895885 0.1833814 0.179646 0.1782237 0.178026 0.1775157 0.1755865 0.1722939 0.1689141 0.1671998 0.1682336 0.1715877 0.1753547 0.1770926 0.1751421 0.1695199 0.1618384 0.1543093 0.1484575 0.144349 0.1407874 0.1363102 0.1303087 0.1235375 0.1177065 0.1144517 0.1143816 0.1168171 0.1203636 0.1238994 0.127303 0.1314392 0.1374332 0.1457324 0.1555796 0.1652286 0.1727391 0.1768287 0.1772692
0.2645282 0.2695511 0.2756178 0.2813135 0.2852831 0.286847 0.2861857 0.2840049 0.2809307 0.2770507 0.271884 0.2647543 0.2552716 0.2435914 0.2303205 0.2162177 0.2019679 0.1882048 0.1757015 0.1654606 0.1584831 0.1552582 0.1553072 0.1571795 0.1590545 0.1596805 0.1590827 0.1585317 0.1596951 0.1634408 0.1690381 0.1743175 0.1767627 0.1749039 0.1691517 0.1615316 0.1544642 0.1493495 0.1458481 0.142309 0.137057 0.1296919 0.1215485 0.1150098 0.1121194 0.1133905 0.1175786 0.1225485 0.1266548 0.1297271 0.1330247 0.1382098 0.1460298 0.1555769 0.1646052 0.1706914 0.1724894 0.1702964
0.2369843 0.2444746 0.2545443 0.2653001 0.2745823 0.2808278 0.2835462 0.2831822 0.2805295 0.2761186 0.2699511 0.2616731 0.2509798 0.2379293 0.2229847 0.2068458 0.1902867 0.1741552 0.1594823 0.1474839 0.1392738 0.1353502 0.135174 0.1372138 0.139584 0.1409941 0.1414387 0.1421351 0.1446527 0.1497224 0.1564813 0.1626974 0.1659129 0.1648347 0.1600935 0.1538524 0.1484781 0.1451027 0.1430079 0.1402487 0.1351278 0.1275601 0.1194099 0.1135383 0.1121379 0.1154154 0.121476 0.1274973 0.1314467 0.1332432 0.1346216 0.1378002 0.1438282 0.1516939 0.1587734 0.1623328 0.1611146 0.1560012
0.2135716 0.2212594 0.2325587 0.2453222 0.2568814 0.265126 0.2692148 0.2695739 0.2672877 0.2633253 0.2580676 0.2513281 0.2427186 0.2320337 0.2194134 0.2052785 0.1902159 0.1749738 0.1605471 0.1481652 0.1390106 0.1337136 0.1319186 0.1322897 0.1330936 0.133108 0.1323078 0.1318415 0.1332244 0.1372052 0.1430387 0.1486927 0.1519355 0.1516474 0.1485015 0.1445263 0.1417831 0.1410034 0.1411005 0.1399279 0.1358323 0.1289872 0.1215875 0.1166974 0.1164339 0.1206371 0.1269088 0.132038 0.133934 0.1328387 0.1310381 0.1312495 0.134726 0.1403059 0.1450327 0.1459587 0.1419751 0.1344957
0.2083074 0.2141254 0.2237354 0.2350337 0.2452673 0.2522541 0.2552228 0.2548484 0.2525683 0.2496667 0.2466699 0.2433124 0.2389412 0.2329938 0.2252474 0.2157942 0.2049181 0.1930737 0.1809878 0.1697076 0.160394 0.1538514 0.1500516 0.1480254 0.1463131 0.1437906 0.1403723 0.1370929 0.135441 0.1363234 0.1393396 0.1428921 0.1451208 0.145078 0.1433438 0.1416188 0.1415096 0.1433056 0.1456084 0.1461457 0.1432998 0.1373512 0.1305552 0.1259028 0.125293 0.1282879 0.1323003 0.134161 0.132104 0.1268954 0.1213501 0.1185062 0.1196148 0.1232434 0.1261011 0.1250825 0.1192343 0.1103814
0.2227192 0.2259622 0.232479 0.240404 0.2472294 0.2510803 0.2515631 0.2497375 0.2473203 0.2456708 0.2451609 0.2452111 0.2448201 0.2431522 0.2398168 0.2347856 0.2281706 0.2201428 0.2110666 0.2016712 0.1929872 0.1859505 0.1808769 0.1771939 0.1737074 0.1693214 0.1637752 0.1578847 0.1530714 0.1504496 0.1500785 0.1509132 0.1515253 0.1511122 0.1500761 0.1497152 0.1511847 0.1544352 0.1579158 0.1593514 0.1571594 0.1515742 0.1446669 0.1391416 0.1366265 0.1365746 0.1365549 0.1338241 0.127203 0.1180177 0.1094267 0.1044934 0.1042088 0.1067578 0.1085542 0.1064341 0.09963106 0.09026378
0.2446265 0.246241 0.25043 0.2555524 0.2594364 0.2606415 0.2592224 0.2565626 0.2544522 0.2540325 0.2552508 0.2570775 0.2582291 0.2578598 0.2557981 0.2522956 0.2476058 0.2417862 0.2348683 0.227197 0.2195703 0.212962 0.2079573 0.2043095 0.2009987 0.1968339 0.1912368 0.1846709 0.178393 0.1736702 0.1709911 0.1698285 0.1691232 0.1681394 0.1670493 0.1667766 0.1681657 0.1710634 0.1740266 0.1749703 0.1724035 0.1664314 0.1587852 0.151766 0.1467444 0.1432271 0.1391794 0.1324752 0.1225435 0.1110814 0.1012546 0.09580509 0.09525364 0.09739933 0.09852718 0.09562607 0.08822847 0.07868274
0.2564276 0.2582925 0.2623855 0.2670927 0.2704357 0.2712916 0.2700223 0.2681376 0.2672562 0.2680641 0.2699315 0.27138 0.2710243 0.2683393 0.2637816 0.2582801 0.2525412 0.2466957 0.2405061 0.2339049 0.2273797 0.2218474 0.2180696 0.2160385 0.2148238 0.2130547 0.2097502 0.204936 0.1996143 0.1950986 0.1921748 0.1906733 0.1897373 0.1885659 0.1870546 0.1858302 0.1856284 0.1864767 0.1873294 0.1865086 0.1827154 0.1759217 0.1674707 0.1592405 0.1523944 0.1465913 0.1402657 0.1318604 0.1211946 0.1099756 0.1009817 0.09634798 0.09605444 0.09767693 0.09768275 0.09352721 0.08522303 0.07533593
0.2473529 0.2510425 0.2571821 0.2639353 0.26928 0.27219 0.2731256 0.2735324 0.2747061 0.2767962 0.2786118 0.2783433 0.2747014 0.2677169 0.2586988 0.2494303 0.2411833 0.2342131 0.2280172 0.2220904 0.2165669 0.2122583 0.2100577 0.2101672 0.2117419 0.2132548 0.213362 0.2116821 0.2089524 0.206456 0.2051256 0.2049463 0.205056 0.2044337 0.2026452 0.2000883 0.1975602 0.1954899 0.1934387 0.1902866 0.1850085 0.1774781 0.1686823 0.1601307 0.1528486 0.1466817 0.140465 0.1329969 0.1241434 0.115232 0.1083416 0.1048759 0.1043839 0.1045168 0.1022972 0.09595995 0.08615812 0.07566402
0.2211999 0.2270088 0.2358464 0.2455069 0.2537647 0.2595369 0.2632636 0.2662701 0.2695588 0.2728575 0.2745853 0.2727746 0.2663484 0.2559121 0.2435423 0.2317201 0.2221079 0.2149424 0.2093726 0.2044282 0.1998988 0.1965115 0.1953196 0.1967807 0.2002193 0.2040815 0.2068208 0.2078015 0.2075918 0.2074484 0.208358 0.2103027 0.2122462 0.212823 0.2112226 0.2076426 0.2030154 0.1982452 0.1935427 0.1883534 0.1819209 0.174041 0.1654097 0.1572697 0.1505957 0.1454281 0.1408844 0.1358764 0.1300135 0.123985 0.1190569 0.1159852 0.1141382 0.1115674 0.1061324 0.09700331 0.08548876 0.07449077
0.1940131 0.2008158 0.2111233 0.2224024 0.2322385 0.2394984 0.244638 0.2489696 0.2533969 0.2574853 0.2595182 0.2575301 0.2506465 0.2398412 0.2275958 0.2166624 0.2087103 0.2036982 0.2003178 0.1971464 0.1937048 0.1907221 0.1894838 0.190777 0.1941996 0.198327 0.2016099 0.2033616 0.2041386 0.2052466 0.2077168 0.2114645 0.2152079 0.2171942 0.2162283 0.2123104 0.2064813 0.2000372 0.1937006 0.1873288 0.1803218 0.1723703 0.163946 0.1561451 0.1499972 0.1457632 0.1427628 0.1398706 0.1363033 0.1320801 0.1277791 0.1237648 0.1195205 0.1137097 0.1050716 0.09358306 0.08099152 0.07014884
0.1831164 0.1890821 0.1985576 0.2088849 0.2176227 0.2237144 0.2277605 0.2312364 0.2351908 0.2393065 0.2419697 0.2413175 0.2365697 0.228746 0.2202662 0.213663 0.2102249 0.2094261 0.2094813 0.2086248 0.206257 0.2032235 0.2010995 0.20102 0.2028854 0.2054751 0.2073619 0.2079559 0.2079317 0.2087276 0.2114594 0.2159997 0.2208585 0.2239567 0.223777 0.2201389 0.2141188 0.2072284 0.2004538 0.1938118 0.1866768 0.1785714 0.1697959 0.161418 0.1546328 0.1499728 0.1469503 0.1443855 0.1411558 0.1367943 0.1314953 0.1255683 0.118844 0.1106049 0.1002166 0.08802925 0.07579023 0.06604283
0.1950259 0.1986812 0.2053693 0.2125593 0.2179718 0.2207446 0.2217043 0.2225849 0.2247192 0.228076 0.2312825 0.2326092 0.2312426 0.2279714 0.2248001 0.2237244 0.22547 0.2290269 0.2322884 0.23337 0.2317459 0.2284729 0.2253957 0.223904 0.2240929 0.2248746 0.2249239 0.2237634 0.2222104 0.2218573 0.2239336 0.2283299 0.2334589 0.2370629 0.2374416 0.234303 0.2287127 0.2222298 0.2158591 0.2095311 0.2024234 0.1938324 0.18393 0.1738484 0.1650321 0.1583298 0.1534708 0.1492847 0.1444768 0.138384 0.1311766 0.1234164 0.1153891 0.1068079 0.09719104 0.08664221 0.07636428 0.06833418
0.2207306 0.2216859 0.2250789 0.2286843 0.2304741 0.2297684 0.2275397 0.2256879 0.2257716 0.2280322 0.2313441 0.2340939 0.2353664 0.2356106 0.2363201 0.2389394 0.2437476 0.2494952 0.2540665 0.2557475 0.2542646 0.2509094 0.247679 0.2460152 0.2459886 0.2464558 0.2460506 0.2442979 0.2420661 0.2410298 0.2425028 0.2464356 0.2512674 0.2547454 0.2551738 0.2522778 0.247136 0.2412747 0.2355729 0.2297316 0.2226432 0.2133641 0.2019785 0.1897322 0.17834 0.1689534 0.1615077 0.15489 0.1477865 0.139592 0.1307386 0.1222399 0.1148305 0.1083796 0.102052 0.09511355 0.08775138 0.0812098
0.2418117 0.2407328 0.2418727 0.2433556 0.2433475 0.241184 0.2377395 0.2348142 0.2339599 0.2355256 0.2385406 0.2414777 0.2433424 0.2443242 0.2455618 0.2481975 0.2523979 0.2570497 0.2603748 0.2610699 0.2591988 0.2562158 0.2540833 0.2540591 0.255962 0.2584025 0.2598142 0.2595777 0.2584654 0.2580996 0.259789 0.2635352 0.2678894 0.2707608 0.2706397 0.2674185 0.2622748 0.2567232 0.2515055 0.246086 0.2390933 0.2293883 0.2170038 0.2032953 0.1901881 0.1790386 0.1698941 0.1616597 0.1530443 0.1436119 0.1341853 0.1263006 0.1210863 0.1183611 0.1166151 0.1139333 0.1092483 0.1030475
0.2432933 0.241218 0.2417972 0.2434402 0.2443598 0.2436777 0.2418827 0.2403717 0.2404168 0.2422695 0.245 0.2471524 0.2477387 0.2468713 0.2456028 0.2451041 0.2457791 0.2469605 0.247419 0.2463374 0.2440563 0.2420365 0.2420164 0.2449066 0.2501666 0.2561013 0.2608984 0.2637244 0.2651486 0.2666129 0.269312 0.2732489 0.2771113 0.279059 0.2778847 0.2737587 0.268046 0.2623235 0.2572721 0.2522124 0.2456098 0.2362089 0.224016 0.2104458 0.1975143 0.1866243 0.1777782 0.1697732 0.1612558 0.1519052 0.1428944 0.1362446 0.1334454 0.1342465 0.1364682 0.1370484 0.1337286 0.1263369
0.2242874 0.2218029 0.2229123 0.2262157 0.2298527 0.2325883 0.2343661 0.2360159 0.2383804 0.2414985 0.2444201 0.2457687 0.2446454 0.2412371 0.2367084 0.2324648 0.2293123 0.2271081 0.2251375 0.2229317 0.220911 0.2203528 0.2226534 0.2283649 0.2366753 0.2457243 0.2535845 0.2592804 0.2631744 0.2664689 0.2701703 0.274228 0.2774488 0.2782523 0.2757532 0.2704176 0.2638205 0.2576455 0.2525953 0.2479597 0.2421557 0.2338864 0.2231351 0.2113021 0.2003671 0.1916342 0.184922 0.1787869 0.1716699 0.1632007 0.1547357 0.1486698 0.1468684 0.1491965 0.1531399 0.154882 0.1512945 0.1416904
0.1988845 0.1957427 0.1971171 0.2017477 0.207702 0.2134401 0.2184422 0.2230579 0.2277705 0.2324517 0.2361564 0.2376038 0.2360029 0.2316364 0.2257911 0.2200772 0.2156045 0.2125709 0.2105181 0.2090356 0.2083679 0.2094567 0.2133515 0.2203921 0.2297503 0.2396932 0.2484371 0.255043 0.2597568 0.2635659 0.2672806 0.2707812 0.272971 0.2724889 0.2687031 0.2622865 0.254943 0.2484222 0.2434653 0.2393958 0.234654 0.227939 0.2191901 0.2097267 0.2014172 0.1954163 0.1913356 0.1874588 0.1819268 0.174138 0.1654037 0.1583226 0.1551561 0.1561757 0.159061 0.1598474 0.1549922 0.1434024
0.1864955 0.1819143 0.1821664 0.1861429 0.1919723 0.19805 0.2036966 0.2090899 0.2146139 0.2201512 0.2248467 0.2275173 0.227415 0.224801 0.2209167 0.2173574 0.2152605 0.2148428 0.2155682 0.2167881 0.2183733 0.2208735 0.2250918 0.2313842 0.2392042 0.2472454 0.2541134 0.2590758 0.2623674 0.2648305 0.267136 0.2691403 0.2698575 0.2681026 0.2633853 0.2564243 0.2488838 0.2424524 0.2378492 0.2344255 0.2306588 0.2252364 0.2180159 0.2101945 0.203533 0.1991192 0.1965026 0.1938312 0.1889828 0.1810072 0.1709318 0.1613265 0.1547914 0.1522403 0.152061 0.1507612 0.1448367 0.1328333
